1      2147505185 5.2858648300e+00 2.7235852554e-02 4.0630319214e+02 2.0837109089e+00 3.5843801600e+08
2      2147582832 5.2541708946e+00 1.2299139053e-02 4.0874462891e+02 9.5373135805e-01 3.5843801600e+08
4      2147630931 5.2644848824e+00 4.5578580350e-02 4.0796984863e+02 3.4971845150e+00 3.5843801600e+08
8      2147670854 5.2912635803e+00 5.0985231996e-02 4.0591525269e+02 3.8825774193e+00 3.5843801600e+08
16      2147525495 5.2821121216e+00 5.7735353708e-02 4.0661929321e+02 4.4110927582e+00 3.5843801600e+08
32      2147571581 5.2520499229e+00 3.6330718547e-02 4.0891400146e+02 2.8053965569e+00 3.5843801600e+08
64      2147530336 5.2527565956e+00 9.6393348649e-03 4.0884100342e+02 7.4786281586e-01 3.5843801600e+08
128      2147518654 5.2686681747e+00 2.9519319534e-02 4.0762017822e+02 2.2688741684e+00 3.5843801600e+08
256      2147501918 5.3521084785e+00 9.7844921052e-02 4.0137811279e+02 7.3752689362e+00 3.5843801600e+08
512      2147495145 5.4452066422e+00 3.4437563736e-03 3.9438623047e+02 2.4286004901e-01 3.5843801600e+08
1024      2147664694 5.4800705910e+00 9.6464548260e-03 3.9190441895e+02 6.8905776739e-01 3.5843801600e+08
