-1.3659098493868667  -4.8122641989894657   -4.8122643503722422
-1.3559098493868667  -4.5817696549990936   -4.5817698472149297
-1.3459098493868666  -4.3714718732604352   -4.3714721146984177
-1.3359098493868666  -4.1787907866345986   -4.1787910869208904
-1.3259098493868666  -4.0015677353158496   -4.0015681054314509
-1.3159098493868666  -3.8379828009966976   -3.8379832534009535
-1.3059098493868666  -3.6864908658405846   -3.6864914146004866
-1.2959098493868666  -3.5457716279790370   -3.5457722889044279
-1.2859098493868666  -3.4146901442489410   -3.4146909350336583
-1.2759098493868666  -3.2922654012190238   -3.2922663415880828
-1.2659098493868666  -3.1776450712612125   -3.1776461831241063
-1.2559098493868666  -3.0700850787168532   -3.0700863863270520
-1.2459098493868666  -2.9689329397752600   -2.9689344698959994
-1.2359098493868665  -2.8736140872603007   -2.8736158693367511
-1.2259098493868665  -2.7836205744920628   -2.7836226408299813
-1.2159098493868665  -2.6985016889600550   -2.6985040749110101
-1.2059098493868665  -2.6178561094286725   -2.6178588535819562
-1.1959098493868665  -2.5413253182802369   -2.5413284626615638
-1.1859098493868665  -2.4685880408031875   -2.4685916310802973
-1.1759098493868665  -2.3993555293827296   -2.3993596150780130
-1.1659098493868665  -2.3333675465203778   -2.3333721812306356
-1.1559098493868665  -2.2703889287752896   -2.2703941703987653
-1.1459098493868665  -2.2102066359204917   -2.2102125468912903
-1.1359098493868665  -2.1526272072129551   -2.1526338547429988
-1.1259098493868664  -2.0974745607207046   -2.0974820170493516
-1.1159098493868664  -2.0445880829156753   -2.0445964255671543
-1.1059098493868664  -1.9938209648256247   -1.9938302768744274
-1.0959098493868664  -1.9450387484012963   -1.9450491187456871
-1.0859098493868664  -1.8981180527512687   -1.8981295763950685
-1.0759098493868664  -1.8529454548027207   -1.8529582331455274
-1.0659098493868664  -1.8094165029776126   -1.8094306441136327
-1.0559098493868664  -1.7674348458004208   -1.7674504648260845
-1.0459098493868664  -1.7269114601097912   -1.7269286794403338
-1.0359098493868664  -1.6877639658389398   -1.6877829155341355
-1.0259098493868664  -1.6499160162434470   -1.6499368343426932
-1.0159098493868663  -1.6132967540584897   -1.6133195869254342
-1.0059098493868663  -1.5778403254155016   -1.5778653280924262
-0.9959098493868663  -1.5434854444851636   -1.5435127810573357
-0.9859098493868663  -1.5101750027756093   -1.5102048467458153
-0.9759098493868663  -1.4778557178311529   -1.4778882525046511
-0.9659098493868663  -1.4464778167718231   -1.4465132356519406
-0.9559098493868663  -1.4159947507072135   -1.4160332579018367
-0.9459098493868663  -1.3863629365659660   -1.3864047472051670
-0.9359098493868663  -1.3575415233180124   -1.3575868639830753
-0.9259098493868663  -1.3294921799416921   -1.3295412891058014
-0.9159098493868663  -1.3021789028113244   -1.3022320312921880
-0.9059098493868663  -1.2755678404604767   -1.2756252518851732
-0.8959098493868662  -1.2496271339185607   -1.2496891052008938
-0.8859098493868662  -1.2243267710289025   -1.2243935928595706
-0.8759098493868662  -1.1996384533396982   -1.1997104306895854
-0.8659098493868662  -1.1755354743191264   -1.1756129269560389
-0.8559098493868662  -1.1519926077856228   -1.1520758708047982
-0.8459098493868662  -1.1289860055667069   -1.1290754299354386
-0.8359098493868662  -1.1064931035071501   -1.1065890566238790
-0.8259098493868662  -1.0844925350416925   -1.0845954013099310
-0.8159098493868662  -1.0629640516306833   -1.0630742330481395
-0.8059098493868662  -1.0418884494303891   -1.0420063661936871
-0.7959098493868662  -1.0212475016345817   -1.0213735927599688
-0.7859098493868661  -1.0010238959814237   -1.0011586199418803
-0.7759098493868661  -0.9812011769705916   -0.9810789672775665
-0.7659098493868661  -0.9617636923808028   -0.9616538783241676
-0.7559098493868661  -0.9426965437181338   -0.9425979523048784
-0.7459098493868661  -0.9239855402613614   -0.9238971036196915
-0.7359098493868661  -0.9056171564025319   -0.9055379026084137
-0.7259098493868661  -0.8875784920095330   -0.8875075367239196
-0.7159098493868661  -0.8698572355630008   -0.8697937744043031
-0.7059098493868661  -0.8524416298428011   -0.8523849314267350
-0.6959098493868661  -0.8353204399598630   -0.8352698395455459
-0.6859098493868661  -0.8184829235476001   -0.8184378172347949
-0.6759098493868660  -0.8019188029437537   -0.8018786423715288
-0.6659098493868660  -0.7856182392084387   -0.7855825267103227
-0.6559098493868660  -0.7695718078376484   -0.7695400920126685
-0.6459098493868660  -0.7537704760436417   -0.7537423477064858
-0.6359098493868660  -0.7382055814846267   -0.7381806699616428
-0.6259098493868660  -0.7228688123361035   -0.7228467820769474
-0.6159098493868660  -0.7077521886052330   -0.7077327360827879
-0.6059098493868660  -0.6928480445977714   -0.6928308954714665
-0.5959098493868660  -0.6781490124545166   -0.6781339189744499
-0.5859098493868660  -0.6636480066809540   -0.6636347453122622
-0.5759098493868660  -0.6493382095999104   -0.6493265788486835
-0.5659098493868659  -0.6352130576626023   -0.6352028760862981
-0.5559098493868659  -0.6212662285585476   -0.6212573329453792
-0.5459098493868659  -0.6074916290694417   -0.6074838727725674
-0.5359098493868659  -0.5938833836163322   -0.5938766350299221
-0.5259098493868659  -0.5804358234532927   -0.5804299646186574
-0.5159098493868659  -0.5671434764643285   -0.5671384017953205
-0.5059098493868659  -0.5540010575234886   -0.5539966726413034
-0.4959098493868659  -0.5410034593811188   -0.5409996800494655
-0.4859098493868659  -0.5281457440419093   -0.5281424951942832
-0.4759098493868659  -0.5154231346028881   -0.5154203494543673
-0.4659098493868659  -0.5028310075217963   -0.5028286267584209
-0.4559098493868659  -0.4903648852883896   -0.4903628563277575
-0.4459098493868658  -0.4780204294731448   -0.4780187057903797
-0.4359098493868658  -0.4657934341296320   -0.4657919746433632
-0.4259098493868658  -0.4536798195284520   -0.4536785880418776
-0.4159098493868658  -0.4416756262021517   -0.4416745908946635
-0.4059098493868658  -0.4297770092819247   -0.4297761422471311
-0.3959098493868658  -0.4179802331081887   -0.4179795099345125
-0.3859098493868658  -0.4062816660983218   -0.4062810654886522
-0.3759098493868658  -0.3946777758559344   -0.3946772792830941
-0.3659098493868658  -0.3831651245070709   -0.3831647159021159
-0.3559098493868658  -0.3717403642496698   -0.3717400297202764
-0.3459098493868658  -0.3604002331034827   -0.3603999606798889
-0.3359098493868657  -0.3491415508484533   -0.3491413302546268
-0.3259098493868657  -0.3379612151403046   -0.3379610375881836
-0.3159098493868657  -0.3268561977927701   -0.3268560557975975
-0.3059098493868657  -0.3158235412165442   -0.3158234284314682
-0.2959098493868657  -0.3048603550056235   -0.3048602660738769
-0.2859098493868657  -0.2939638126622537   -0.2939637430853584
-0.2759098493868657  -0.2831311484522148   -0.2831310944727770
-0.2659098493868657  -0.2723596543826448   -0.2723596128804153
-0.2559098493868657  -0.2616466772950434   -0.2616466456950251
-0.2459098493868657  -0.2509896160665072   -0.2509895922579806
-0.2359098493868657  -0.2403859189126223   -0.2403859011780503
-0.2259098493868656  -0.2298330807857941   -0.2298330677386489
-0.2159098493868656  -0.2193286408631210   -0.2193286313937476
-0.2059098493868656  -0.2088701801182171   -0.2088701733469202
-0.1959098493868656  -0.1984553189716741   -0.1984553142082779
-0.1859098493868656  -0.1880817150151096   -0.1880817117242985
-0.1759098493868656  -0.1777470608039902   -0.1777470585757969
-0.1659098493868656  -0.1674490817146411   -0.1674490802394965
-0.1559098493868656  -0.1571855338610599   -0.1571855329088698
-0.1459098493868656  -0.1469542020673423   -0.1469542014700980
-0.1359098493868656  -0.1367528978917021   -0.1367528975291765
-0.1259098493868656  -0.1265794576982302   -0.1265794574863482
-0.1159098493868656  -0.1164317407726856   -0.1164317406541950
-0.1059098493868656  -0.1063076274787450   -0.1063076274158476
-0.0959098493868656  -0.0962050174512644   -0.0962050174199005
-0.0859098493868656  -0.0861218278232161   -0.0861218278087260
-0.0759098493868656  -0.0760559914830670   -0.0760559914769812
-0.0659098493868656  -0.0660054553594561   -0.0660054553571945
-0.0559098493868656  -0.0559681787301108   -0.0559681787293966
-0.0459098493868656  -0.0459421315520107   -0.0459421315518310
-0.0359098493868656  -0.0359252928098768   -0.0359252928098446
-0.0259098493868656  -0.0259156488801110   -0.0259156488801077
-0.0159098493868656  -0.0159111919073613   -0.0159111919073612
-0.0059098493868656  -0.0059099181909233   -0.0059099181909233
0.0040901506131344  0.0040901734217829   0.0040901734217829
0.0140901506131344  0.0140910831373999   0.0140910831373999
0.0240901506131344  0.0240948118172106   0.0240948118172086
0.0340901506131344  0.0341033625788302   0.0341033625788078
0.0440901506131344  0.0441187424017364   0.0441187424016011
0.0540901506131344  0.0541429637393762   0.0541429637388097
0.0640901506131344  0.0641780461406034   0.0641780461387447
0.0740901506131344  0.0742260178832332   0.0742260178780991
0.0840901506131344  0.0842889176225288   0.0842889176100584
0.0940901506131344  0.0943687960574869   0.0943687960300661
0.1040901506131344  0.1044677176178345   0.1044677175621397
0.1140901506131344  0.1145877621747152   0.1145877620686839
0.1240901506131344  0.1247310267781120   0.1247310265868274
0.1340901506131344  0.1348996274241326   0.1348996270943785
0.1440901506131344  0.1450957008553751   0.1450957003085901
0.1540901506131344  0.1553214063976901   0.1553214055210189
0.1640901506131344  0.1655789278367651   0.1655789264718749
0.1740901506131344  0.1758704753380818   0.1758704732673738
0.1840901506131344  0.1861982874139256   0.1861982843437403
0.1940901506131344  0.1965646329412783   0.1965646284816499
0.2040901506131345  0.2069718132345773   0.2069718068750552
0.2140901506131345  0.2174221641775031   0.2174221552585117
0.2240901506131345  0.2279180584181410   0.2279180460973033
0.2340901506131345  0.2384619076320664   0.2384618908448656
0.2440901506131345  0.2490561648581242   0.2490561422722218
0.2540901506131345  0.2597033269119078   0.2597032968743809
0.2640901506131345  0.2704059368822023   0.2704058973588963
0.2740901506131345  0.2811665867159303   0.2811665352220564
0.2840901506131345  0.2919879198974396   0.2919878534184730
0.2940901506131345  0.3028726342282912   0.3028725491301461
0.3040901506131345  0.3138234847140548   0.3138233766414255
0.3140901506131346  0.3248432865649900   0.3248431503266551
0.3240901506131346  0.3359349183178965   0.3359347477576819
0.3340901506131346  0.3471013250868478   0.3471011129388343
0.3440901506131346  0.3583455219509899   0.3583452596774337
0.3540901506131346  0.3696705974880926   0.3696702750983973
0.3640901506131346  0.3810797174630788   0.3810793233120179
0.3740901506131346  0.3925761286813473   0.3925756492445847
0.3840901506131346  0.4041631630173296   0.4041625826421201
0.3940901506131346  0.4158442416294073   0.4158435422581798
0.4040901506131346  0.4276228793730456   0.4276220402373757
0.4140901506131346  0.4395026894247943   0.4395016867070606
0.4240901506131347  0.4514873881306625   0.4514861945904496
0.4340901506131347  0.4635808000932985   0.4635793846553544
0.4440901506131347  0.4757868635134059   0.4757851908136876
0.4540901506131347  0.4881096358019092   0.4881076656879502
0.4640901506131347  0.5005532994805528   0.5005509864620529
0.4740901506131347  0.5131221683898846   0.5131194610350676
0.4840901506131347  0.5258206942249508   0.5258175344978385
0.4940901506131347  0.5386534734205157   0.5386497959538392
0.5040901506131347  0.5516252544092380   0.5516209857072345
0.5140901506131347  0.5647409452779911   0.5647360028428178
0.5240901506131347  0.5780056218494170   0.5779999132243481
0.5340901506131347  0.5914245362178807   0.5914179579398322
0.5440901506131347  0.6050031257712464   0.6049955622244908
0.5540901506131347  0.6187470227323465   0.6187383448945302
0.5640901506131347  0.6326620642567016   0.6326521283274530
0.5740901506131347  0.6467543031259546   0.6467429490274653
0.5840901506131347  0.6610300190796776   0.6610170688176384
0.5940901506131347  0.6754957308316830   0.6754809867038568
0.6040901506131348  0.6901582088207765   0.6901414514592752
0.6140901506131348  0.7050244887500496   0.7050054749820438
0.6240901506131348  0.7201018859733709   0.7200803464834765
0.6340901506131348  0.7353980107927265   0.7353736475686785
0.6440901506131348  0.7509207847355485   0.7508932682769581
0.6540901506131348  0.7666784578871868   0.7666474241551727
0.6640901506131348  0.7826796273603016   0.7826446744435553
0.6740901506131348  0.7989332569902365   0.7988939414606211
0.6840901506131348  0.8154486983534586   0.8154045312814843
0.6940901506131348  0.8322357132149955   0.8321861558124758
0.7040901506131348  0.8493044975205728   0.8492489563743634
0.7140901506131349  0.8666657070599442   0.8666035289168806
0.7240901506131349  0.8843304849398496   0.8842609509987868
0.7340901506131349  0.9023104910182661   0.9022328106804033
0.7440901506131349  0.9206179334662778   0.9205312374896887
0.7540901506131349  0.9392656026401800   0.9391689356385681
0.7640901506131349  0.9582669074645281   0.9581592196836284
0.7740901506131349  0.9776359145469938   0.9775160528446208
0.7840901506131349  0.9973873902683333   0.9972540882157624
0.7940901506131349  1.0175368461158327   1.0176644734528273
0.8040901506131349  1.0381005875565839   1.0382199585703007
0.8140901506131349  1.0590957667782690   1.0592073239775879
0.8240901506131350  1.0805404396602327   1.0806446066197084
0.8340901506131350  1.1024536273770025   1.1025508093605263
0.8440901506131350  1.1248553830806896   1.1249459676490867
0.8540901506131350  1.1477668641585204   1.1478512217614867
0.8640901506131350  1.1712104106179264   1.1712888951706864
0.8740901506131350  1.1952096302150326   1.1952825796601052
0.8840901506131350  1.2197894910141400   1.2198572278685675
0.8940901506131350  1.2449764221470621   1.2450392540354636
0.9040901506131350  1.2707984236334360   1.2708566438072244
0.9140901506131350  1.2972851862280244   1.2973390740711204
0.9240901506131350  1.3244682223805102   1.3245180439018751
0.9340901506131351  1.3523810095296809   1.3524270178429820
0.9440901506131351  1.3810591471098594   1.3811015829005702
0.9540901506131351  1.4105405288261808   1.4105796208064065
0.9640901506131351  1.4408655319605479   1.4409014973118666
0.9740901506131351  1.4720772257063188   1.4721102705109079
0.9840901506131351  1.5042216008021962   1.5042519204625162
0.9940901506131351  1.5373478230507578   1.5373756026980483
1.0040901506131350  1.5715085136720304   1.5715339285638721
1.0140901506131350  1.6067600598664877   1.6067832757736737
1.0240901506131350  1.6431629594556167   1.6431841330385659
1.0340901506131350  1.6807822040447817   1.6808014832197278
1.0440901506131350  1.7196877058281934   1.7197052301233622
1.0540901506131350  1.7599547739484740   1.7599706748504742
1.0640901506131351  1.8016646472567910   1.8016790485474177
1.0740901506131351  1.8449050914221321   1.8449181095057894
1.0840901506131351  1.8897710696448096   1.8897828138667421
1.0940901506131351  1.9363654977824449   1.9363760707379711
1.1040901506131351  1.9848000965493684   1.9848095943842967
1.1140901506131351  2.0351963556681425   2.0352048683705473
1.1240901506131351  2.0876866275165225   2.0876942392000486
1.1340901506131351  2.1424153710269227   2.1424221602057907
1.1440901506131351  2.1995405704870197   2.1995466103428836
1.1540901506131351  2.2592353586222407   2.2592407172630589
1.1640901506131351  2.3216898791201053   2.3216946198311703
1.1740901506131352  2.3871134308467878   2.3871176123340661
1.1840901506131352  2.4557369447468189   2.4557406213727320
1.1940901506131352  2.5278158552456214   2.5278190772574121
1.2040901506131352  2.6036334414610738   2.6036362552118795
1.2140901506131352  2.6835047304195143   2.6835071785822815
1.2240901506131352  2.7677810757450274   2.7677831975193827
1.2340901506131352  2.8568555522506021   2.8568573835628022
1.2440901506131352  2.9511693412462381   2.9511709149423053
1.2540901506131352  3.0512193255373878   3.0512206715695438
1.2640901506131352  3.1575671702032420   3.1575683158097512
1.2740901506131352  3.2708502396855574   3.2708512095640674
1.2840901506131353  3.3917947995277586   3.3917956160022387
1.2940901506131353  3.5212320807259276   3.5212327639073147
1.3040901506131353  3.6601179580161087   3.6601185259567202
1.3140901506131353  3.8095572275653216   3.8095576964071469
1.3240901506131353  3.9708337890935654   3.9708341732105095
1.3340901506131353  4.1454484785164114   4.1454487906505637
1.3440901506131353  4.3351669133573179   4.3351671647493335
1.3540901506131353  4.5420805852348218   4.5420807857484702
